EMG0,EMG1,EMG2,EMG3,EMG4,EMG5,EMG6,EMG7,TIME,STATUS
82.00000,132.00000,152.00000,149.00000,183.00000,263.00000,315.00000,152.00000,5.04035,1.00000
82.00000,132.00000,152.00000,149.00000,183.00000,263.00000,315.00000,152.00000,5.05594,1.00000
90.00000,139.00000,154.00000,173.00000,188.00000,219.00000,288.00000,147.00000,5.06973,1.00000
92.00000,137.00000,144.00000,192.00000,195.00000,190.00000,272.00000,134.00000,5.09294,1.00000
94.00000,139.00000,138.00000,209.00000,194.00000,167.00000,256.00000,139.00000,5.10732,1.00000
98.00000,134.00000,136.00000,210.00000,202.00000,175.00000,256.00000,146.00000,5.12962,1.00000
99.00000,135.00000,137.00000,210.00000,206.00000,185.00000,260.00000,152.00000,5.15290,1.00000
95.00000,126.00000,132.00000,201.00000,194.00000,211.00000,268.00000,155.00000,5.16727,1.00000
93.00000,122.00000,134.00000,180.00000,184.00000,225.00000,275.00000,175.00000,5.18965,1.00000
91.00000,116.00000,131.00000,155.00000,170.00000,238.00000,286.00000,177.00000,5.21273,1.00000
86.00000,121.00000,127.00000,134.00000,157.00000,261.00000,301.00000,181.00000,5.22722,1.00000
86.00000,127.00000,133.00000,127.00000,167.00000,279.00000,312.00000,190.00000,5.24973,1.00000
85.00000,135.00000,135.00000,115.00000,178.00000,304.00000,334.00000,199.00000,5.27266,1.00000
86.00000,141.00000,140.00000,119.00000,183.00000,317.00000,345.00000,198.00000,5.28705,1.00000
85.00000,145.00000,150.00000,122.00000,201.00000,341.00000,354.00000,201.00000,5.30953,1.00000
92.00000,144.00000,161.00000,127.00000,209.00000,343.00000,352.00000,199.00000,5.33270,1.00000
89.00000,138.00000,159.00000,130.00000,208.00000,334.00000,348.00000,189.00000,5.34720,1.00000
90.00000,136.00000,161.00000,142.00000,193.00000,299.00000,331.00000,169.00000,5.36958,1.00000
90.00000,135.00000,159.00000,150.00000,189.00000,281.00000,318.00000,147.00000,5.39276,1.00000
89.00000,132.00000,153.00000,169.00000,182.00000,234.00000,295.00000,135.00000,5.40725,1.00000
90.00000,134.00000,146.00000,189.00000,187.00000,206.00000,284.00000,122.00000,5.43026,1.00000
96.00000,140.00000,139.00000,205.00000,190.00000,186.00000,269.00000,124.00000,5.45298,1.00000
96.00000,133.00000,130.00000,208.00000,202.00000,193.00000,260.00000,135.00000,5.46715,1.00000
101.00000,130.00000,123.00000,210.00000,203.00000,184.00000,253.00000,157.00000,5.49039,1.00000
98.00000,126.00000,119.00000,198.00000,196.00000,198.00000,260.00000,165.00000,5.50455,1.00000
105.00000,127.00000,124.00000,177.00000,171.00000,210.00000,260.00000,174.00000,5.52726,1.00000
99.00000,124.00000,128.00000,156.00000,165.00000,230.00000,272.00000,178.00000,5.55031,1.00000
100.00000,134.00000,141.00000,140.00000,179.00000,247.00000,292.00000,188.00000,5.56476,1.00000
97.00000,143.00000,150.00000,136.00000,186.00000,264.00000,309.00000,186.00000,5.58731,1.00000
102.00000,149.00000,157.00000,130.00000,198.00000,298.00000,333.00000,195.00000,5.61028,1.00000
88.00000,154.00000,151.00000,123.00000,209.00000,315.00000,345.00000,202.00000,5.62476,1.00000
89.00000,155.00000,154.00000,123.00000,223.00000,331.00000,356.00000,202.00000,5.64711,1.00000
85.00000,147.00000,155.00000,127.00000,211.00000,327.00000,351.00000,193.00000,5.67033,1.00000
82.00000,143.00000,153.00000,117.00000,204.00000,325.00000,347.00000,181.00000,5.68463,1.00000
86.00000,145.00000,157.00000,136.00000,188.00000,291.00000,327.00000,165.00000,5.70724,1.00000
89.00000,140.00000,154.00000,146.00000,177.00000,260.00000,311.00000,144.00000,5.73025,1.00000
91.00000,139.00000,150.00000,177.00000,162.00000,224.00000,296.00000,130.00000,5.74457,1.00000
93.00000,136.00000,137.00000,188.00000,158.00000,207.00000,286.00000,121.00000,5.76702,1.00000
95.00000,138.00000,140.00000,207.00000,163.00000,192.00000,275.00000,121.00000,5.79033,1.00000
91.00000,133.00000,131.00000,209.00000,176.00000,195.00000,270.00000,126.00000,5.80455,1.00000
94.00000,132.00000,138.00000,213.00000,180.00000,196.00000,263.00000,147.00000,5.82727,1.00000
93.00000,128.00000,135.00000,186.00000,165.00000,203.00000,257.00000,152.00000,5.85023,1.00000
98.00000,136.00000,140.00000,171.00000,159.00000,223.00000,258.00000,163.00000,5.86468,1.00000
97.00000,133.00000,132.00000,150.00000,157.00000,238.00000,270.00000,178.00000,5.88727,1.00000
98.00000,132.00000,138.00000,137.00000,163.00000,251.00000,282.00000,189.00000,5.91043,1.00000
95.00000,134.00000,133.00000,118.00000,176.00000,277.00000,303.00000,189.00000,5.93296,1.00000
103.00000,142.00000,146.00000,123.00000,200.00000,303.00000,327.00000,206.00000,5.94718,1.00000
95.00000,144.00000,155.00000,120.00000,208.00000,318.00000,338.00000,203.00000,5.97037,1.00000
93.00000,148.00000,160.00000,117.00000,217.00000,330.00000,342.00000,201.00000,5.98459,1.00000
96.00000,151.00000,157.00000,123.00000,205.00000,324.00000,338.00000,189.00000,6.00727,1.00000
96.00000,149.00000,158.00000,136.00000,203.00000,310.00000,331.00000,180.00000,6.03034,1.00000
92.00000,144.00000,155.00000,141.00000,182.00000,276.00000,311.00000,157.00000,6.04470,1.00000
92.00000,138.00000,147.00000,158.00000,174.00000,239.00000,299.00000,147.00000,6.06742,1.00000
95.00000,132.00000,143.00000,169.00000,157.00000,206.00000,285.00000,130.00000,6.09028,1.00000
92.00000,123.00000,140.00000,186.00000,175.00000,190.00000,277.00000,123.00000,6.10466,1.00000
